48,3
48,2
48,1
48,0
47,3
47,2
47,1
47,0
46,4
46,3
46,2
46,1
46,0
45,4
45,3
45,2
45,1
45,0
44,4
44,3
44,2
44,1
44,0
43,3
43,2
43,1
43,0
42,3
42,2
42,1
42,0
41,3
41,2
0,471
41,1
41,0
0,470
0,469
0,468
40,3
40,2
40,1
40,0
0,467
39,3
39,2
39,1
39,0
0,466
38,4
38,3
38,2
38,1
38,0
0,465
0,464
0,463
37,4
37,3
37,2
37,1
37,0
0,462
0,461
0,460
0,459
36,4
36,3
36,2
36,1
36,0
35,3
35,2
35,1
35,0
0,458
0,457
0,456
0,455
0,454
34,3
34,2
0,453
34,1
34,0
0,452
0,451
0,450
33,3
33,2
0,449
33,1
33,0
0,448
0,447
0,446
0,445
0,444
0,443
0,442
0,441
0,440
0,439
0,438
0,437
0,436
0,435
0,434
0,433
0,432
0,431
0,430
0,429
0,428
0,427
0,426
0,425
0,424
32,3
32,2
0,423
0,422
32,1
32,0
0,421
0,420
0,419
0,418
0,417
0,416
0,415
0,414
0,413
0,412
0,411
0,410
0,409
0,408
0,407
0,406
0,405
0,404
0,403
0,402
31,3
31,2
0,401
0,400
31,1
31,0
0,399
0,398
0,397
0,396
0,395
0,394
0,393
0,392
30,3
30,2
